data: {  }
size: 12473
last_modified: 1641574726
width: 683.76331
height: 607.63128
mime_type: image/svg+xml
